10661
10662
19459
19460
27763
28487
28488
36519
36520
37051
37052
37053
37054
37564
37565
37566
38096
38097
38615
38616
38617
38618
50284
50285
50286
54923
54924
54925
79581
108891
108892
113405
113406
114827
114828
114831
114832
114833
115192
115193
131207
138225
184401
184402
203847
203849
206658
206659
229708
243907
243908
243909
250409
260863
281225
281226
288197
288198
288571
307899
307900
308376
317236
317237
317238
323349
323350
323351
330012
330013
330014
330015
330194
330195
330196
343193
362337
362338
362339
392364
392365
392563
392564
441686
441687
484744
484745
484874
484875
484876
484877
484878
484879
484880
485059
485060
485061
485428
485429
485544
485884
490098
497282
503142
503143
503144
503145
503146
505754
505755
526679
526680
526880
526888
526896
526904
526912
526920
526928
526936
526944
526952
526960
526968
526976
526984
526992
526993
526994
526995
526996
526997
526998
526999
530141
530142
575362
597901
597902
613699
613700
614016
614017
619942
619943
620244
620246
620247
620248
620249
620547
620548
620549
620555
620835
620836
621128
621129
621369
621379
621380
621692
621693
621797
626881
631523
633360
635128
651662
651663
659457
661851
661852
680967
707949
707950
717546
726343
726344
726924
726925
751152
751153
751154
756606
756607
757374
757375
761063
761064
761065
761073
761074
793046
793047
798458
798459
814569
814570
814571
861771
919013
955431
